100 6.4e-05
200 0.000132
300 0.000242
400 0.000436
500 0.000685
600 0.000935
700 0.001298
800 0.001633
900 0.002028
1000 0.002623
1100 0.003037
1200 0.003599
1300 0.004186
1400 0.00488
1500 0.005602
1600 0.006439
1700 0.007274
1800 0.008082
1900 0.009017
2000 0.010022
2100 0.012264
2200 0.01216
2300 0.013249
2400 0.014847
2500 0.022231
2600 0.027601
2700 0.018537
2800 0.020038
2900 0.021662
3000 0.025734
3100 0.024857
3200 0.026848
3300 0.028359
3400 0.030176
3500 0.032157
3600 0.034133
3700 0.036087
3800 0.038225
3900 0.042182
4000 0.053003
4100 0.045154
4200 0.049153
4300 0.06127
4400 0.052742
4500 0.055334
4600 0.058336
4700 0.061241
4800 0.076877
4900 0.067115
5000 0.071166
5100 0.071643
5200 0.075014
5300 0.078119
5400 0.097988
5500 0.09357
5600 0.090329
5700 0.093916
5800 0.097732
5900 0.108058
6000 0.110208
6100 0.106197
6200 0.12217
6300 0.13504
6400 0.137523
6500 0.125172
6600 0.135141
6700 0.135945
6800 0.139407
6900 0.143658
7000 0.148302
7100 0.163674
7200 0.160267
7300 0.172552
7400 0.166812
7500 0.173443
7600 0.186784
7700 0.182214
7800 0.188588
7900 0.214523
8000 0.195468
8100 0.22639
8200 0.211668
8300 0.218074
8400 0.218238
8500 0.237872
8600 0.231918
8700 0.248605
8800 0.288915
8900 0.257301
9000 0.272165
9100 0.267519
9200 0.270211
9300 0.276493
9400 0.285141
9500 0.300398
9600 0.303107
9700 0.309689
9800 0.320254
9900 0.317968
