100 2.6e-05
200 9.9e-05
300 0.000219
400 0.000357
500 0.000565
600 0.000773
700 0.001051
800 0.001392
900 0.00175
1000 0.002986
1100 0.003423
1200 0.004596
1300 0.003795
1400 0.004349
1500 0.004785
1600 0.005593
1700 0.006143
1800 0.007055
1900 0.007883
2000 0.008538
2100 0.009489
2200 0.01037
2300 0.025912
2400 0.012297
2500 0.013495
2600 0.014782
2700 0.015856
2800 0.017002
2900 0.017998
3000 0.019408
3100 0.020913
3200 0.022533
3300 0.026592
3400 0.02613
3500 0.027034
3600 0.027796
3700 0.029958
3800 0.032047
3900 0.032817
4000 0.035285
4100 0.036592
4200 0.038124
4300 0.041607
4400 0.042358
4500 0.044506
4600 0.046343
4700 0.050325
4800 0.050951
4900 0.052622
5000 0.055196
5100 0.065737
5200 0.060056
5300 0.062304
5400 0.068367
5500 0.067489
5600 0.069407
5700 0.075509
5800 0.089225
5900 0.082188
6000 0.081049
6100 0.082915
6200 0.08661
6300 0.087683
6400 0.104005
6500 0.098129
6600 0.096075
6700 0.098089
6800 0.109272
6900 0.106718
7000 0.108198
7100 0.110169
7200 0.11324
7300 0.130672
7400 0.125951
7500 0.125435
7600 0.142716
7700 0.131275
7800 0.134033
7900 0.137706
8000 0.154677
8100 0.150272
8200 0.148974
8300 0.1874
8400 0.157828
8500 0.173384
8600 0.1694
8700 0.168269
8800 0.173043
8900 0.176397
9000 0.181708
9100 0.203699
9200 0.193147
9300 0.210068
9400 0.211953
9500 0.201831
9600 0.209758
9700 0.209173
9800 0.22244
9900 0.217934
