100 3e-05
200 0.000111
300 0.000256
400 0.000425
500 0.000701
600 0.000989
700 0.001352
800 0.001714
900 0.002211
1000 0.002734
1100 0.003225
1200 0.003787
1300 0.004436
1400 0.005224
1500 0.005904
1600 0.006663
1700 0.007574
1800 0.008491
1900 0.009384
2000 0.01048
2100 0.011528
2200 0.012876
2300 0.014211
2400 0.015067
2500 0.016274
2600 0.021616
2700 0.019264
2800 0.020622
2900 0.021948
3000 0.024008
3100 0.025989
3200 0.027479
3300 0.028808
3400 0.030428
3500 0.032099
3600 0.034431
3700 0.036306
3800 0.037584
3900 0.073207
4000 0.041697
4100 0.043996
4200 0.058357
4300 0.048131
4400 0.055188
4500 0.057305
4600 0.055614
4700 0.058468
4800 0.067006
4900 0.065153
5000 0.081515
5100 0.06936
5200 0.07222
5300 0.074899
5400 0.078219
5500 0.080473
5600 0.083152
5700 0.08838
5800 0.091555
5900 0.093178
6000 0.097322
6100 0.130192
6200 0.102181
6300 0.10549
6400 0.110088
6500 0.150388
6600 0.121155
6700 0.134164
6800 0.130238
6900 0.143517
7000 0.130189
7100 0.133938
7200 0.153721
7300 0.143808
7400 0.14646
7500 0.165307
7600 0.153851
7700 0.158042
7800 0.165216
7900 0.171058
8000 0.177954
8100 0.174241
8200 0.18774
8300 0.201828
8400 0.191814
8500 0.197812
8600 0.199629
8700 0.202041
8800 0.21647
8900 0.214341
9000 0.233198
9100 0.223607
9200 0.232668
9300 0.248403
9400 0.235339
9500 0.239334
9600 0.250058
9700 0.253792
9800 0.257018
9900 0.263308
