100 0.37182
200 0.322588
300 0.357572
400 0.321864
500 0.35344
600 0.345467
700 0.372549
800 0.357889
900 0.311848
1000 0.308858
1100 0.334434
1200 0.309665
1300 0.327271
1400 0.302372
1500 0.29858
1600 0.322984
1700 0.367522
1800 0.320228
1900 0.307319
2000 0.3046
2100 0.303188
2200 0.298941
2300 0.294591
2400 0.329592
2500 0.329806
2600 0.329242
2700 0.312219
2800 0.331706
2900 0.337813
3000 0.291689
3100 0.295627
3200 0.328072
3300 0.29608
3400 0.454853
3500 0.360784
3600 0.293145
3700 0.293646
3800 0.307914
3900 0.303064
4000 0.336201
4100 0.309955
4200 0.329439
4300 0.330801
4400 0.287742
4500 0.303812
4600 0.400778
4700 0.290965
4800 0.288442
4900 0.316531
5000 0.301292
5100 0.289778
5200 0.341191
5300 0.286019
5400 0.343333
5500 0.317444
5600 0.28371
5700 0.284133
5800 0.287861
5900 0.346442
6000 0.281766
6100 0.285613
6200 0.287207
6300 0.282423
6400 0.283876
6500 0.294007
6600 0.303802
6700 0.322043
6800 0.291342
6900 0.280924
7000 0.28604
7100 0.295645
7200 0.325405
7300 0.327863
7400 0.279789
7500 0.283057
7600 0.298541
7700 0.326326
7800 0.308238
7900 0.280322
8000 0.28157
8100 0.289724
8200 0.282155
8300 0.283376
8400 0.295275
8500 0.296737
8600 0.294144
8700 0.275495
8800 0.2753
8900 0.281177
9000 0.295417
9100 0.281362
9200 0.284261
9300 0.322146
9400 0.339089
9500 0.319967
9600 0.321331
9700 0.325567
9800 0.274505
9900 0.326802
